image: small_house_keepout_zones.pgm
resolution: 0.050000
origin: [-9.736964, -6.359148, 0.000000]
negate: 0
occupied_thresh: 0.65
free_thresh: 0.196

