image: small_house_no_trash.pgm
resolution: 0.050000
origin: [-9.622870, -6.592401, 0.000000]
negate: 0
occupied_thresh: 0.65
free_thresh: 0.196

